66
77
142
2
0
0
0
0
0
0
54
0
0
0
40
0
0
0
20
0
0
0
10
0
0
0
1
0
24
0
0
0
0
0
88
2
0
0
0
0
0
0
0
0
0
0
0
0
0
0
0
0
0
0





1 1 1 1 1 1 1 1 1 1 1 1 1 1 1 1 1 1 1 1 1 1 1 1 1 1 1 1 1 1 1 1 1 1 1 1 1 1 1 1 1 1 1 1 1 1 1 1 1 1 1 1 1 1 1 1 1 1 1 1  
33 14 1 1 1 1 1 1 1 1 1 1 1 1 1 1 1 1 1 1 1 1 1 1 1 1 1 1 1 1 1 1 1 1 1 1 1 1 1 1 1 1 1 1 1 1 1 1 1 1 1 1 1 1 1 1 1 6 3 1

 255 100 0 255 100 0 255 100 0 255 100 0 255 100 0 255 100 0 255 100 0 255 100 0 255 100 0 255 100 0 255 100 0 255 100 0 255 100 0 255 100 0 255 100 0 255 100 0 255 100 0 255 100 0 255 100 0 255 100 0 255 100 0
 255 100 0 255 100 0 255 100 0 255 100 0 255 100 0 255 100 0 255 100 0 255 100 0 255 100 0 255 101 0 255 100 0 255 100 0 255 100 0 255 101 0 255 100 0 255 100 0 255 100 0 255 100 0 255 100 0 255 100 0 255 100 0
 255 100 0 255 100 0 255 100 0 255 100 0 255 100 0 255 100 0 255 100 0 255 100 0 255 100 0 255 101 0 255 100 0 255 100 0 255 100 0 255 101 0 255 100 0 255 100 0 255 100 0 255 101 0 255 100 0 255 100 0 255 100 0 
 255 100 0 255 100 0 255 100 0 255 100 0 255 100 0 255 100 0 255 100 0 255 100 0 255 100 0 255 100 0 255 100 0 255 100
